InF
LS: 
[7.2034e-06, 4.5534e-06, 2.8599e-06, 1.8067e-06, 1.1393e-06, 7.2089e-07, 4.5606e-07, 2.8580e-07]
mean: 2.3782e-06
MLP:
[1.0823e-06, 8.1102e-07, 6.1931e-07, 5.1602e-07, 4.2972e-07, 3.7816e-07, 3.4644e-07, 3.2583e-07]
mean: 5.6360e-07

normalized:
LS: 
[362.1147, 228.3351, 144.2227,  90.9546,  57.2746,  36.0673,  22.8757, 14.4086]
mean: 119.5317
MLP:
[55.4429, 40.8831, 31.5637, 25.7909, 21.7669, 19.2861, 17.1213, 16.0023]
mean: 28.4822


UMa (normalized)
LS: 
[360.1080, 227.9365, 143.9953,  91.0496,  57.2126,  36.2446,  22.7970, 14.3982]
mean: 119.2177
MLP:
[1.5606, 1.0256, 0.6500, 0.4095, 0.2753, 0.1797, 0.1252, 0.0832]
mean: 0.5386
